Areal values from HadUK-Grid 1km gridded climate data from land surface network
Source: Met Office National Climate Information Centre
Monthly, seasonal and annual mean air temperature for England NW and N Wales
Areal series, starting in 1884
Last updated 01-Oct-2026 11:55
year    jan    feb    mar    apr    may    jun    jul    aug    sep    oct    nov    dec     win     spr     sum     aut     ann
1884    5.1    3.8    5.0    6.0    9.6   12.6   14.4   15.2   13.0    8.3    4.7    3.2     ---    6.88   14.07    8.67    8.42
1885    2.1    4.2    3.3    6.2    7.4   12.0   14.1   12.0   10.6    6.1    4.6    2.9    3.13    5.63   12.70    7.09    7.14
1886    1.0    0.8    2.5    6.3    8.5   11.7   13.9   13.9   11.7    9.8    5.9    1.5    1.59    5.78   13.18    9.16    7.34
1887    1.9    3.1    2.7    5.1    8.2   14.1   15.3   13.5   10.5    6.4    3.7    2.2    2.16    5.35   14.32    6.84    7.25
1888    2.7    1.0    1.8    5.2    9.2   11.7   12.2   12.5   10.8    7.5    6.5    4.3    1.97    5.42   12.14    8.26    7.14
1889    3.1    2.2    3.5    5.7   11.3   13.7   13.4   13.1   11.5    7.5    5.9    3.0    3.25    6.87   13.42    8.31    7.87
1890    4.9    2.2    5.0    6.1   10.5   12.1   12.8   12.6   13.6    8.9    5.1   -0.6    3.42    7.21   12.52    9.20    7.80
1891    1.3    4.6    2.9    4.9    8.3   13.1   13.4   12.8   12.9    8.2    4.5    3.4    1.67    5.36   13.10    8.55    7.54
1892    1.5    2.5    1.7    6.2    9.9   11.7   12.6   13.4   10.8    5.9    5.6    1.5    2.46    5.92   12.60    7.43    6.95
1893    1.8    3.5    6.4    9.1   11.5   14.1   14.8   15.7   11.5    8.8    4.2    4.3    2.23    8.97   14.85    8.19    8.84
1894    2.5    4.0    5.7    8.5    7.7   12.1   14.5   12.7   10.4    8.0    7.0    4.4    3.58    7.30   13.13    8.48    8.15
1895   -0.9   -2.6    3.8    6.9   10.8   12.9   13.4   14.1   14.3    6.0    6.1    2.8    0.40    7.16   13.44    8.76    7.34
1896    4.0    3.9    5.2    7.9   11.0   14.5   14.4   12.8   11.7    5.7    3.8    3.0    3.58    8.02   13.88    7.07    8.16
1897    0.6    4.4    5.1    5.7    8.6   13.4   14.7   14.8   10.7    9.3    6.9    4.2    2.61    6.47   14.33    8.96    8.22
1898    5.8    3.6    3.3    7.3    9.0   12.2   13.6   14.6   13.5   10.1    6.1    6.4    4.57    6.53   13.48    9.90    8.82
1899    3.6    3.9    4.4    6.5    8.4   14.0   15.1   16.1   11.9    8.4    8.0    1.4    4.65    6.45   15.08    9.39    8.50
1900    3.5    1.4    2.6    7.2    8.9   13.3   15.7   13.5   12.4    8.5    6.0    6.4    2.13    6.18   14.17    8.95    8.31
1901    2.7    1.4    3.4    7.4   10.5   12.2   16.4   14.3   12.6    8.6    4.4    2.6    3.56    7.12   14.31    8.55    8.09
1902    3.8    0.5    5.5    6.3    7.5   12.4   12.8   12.6   11.7    8.6    6.1    3.9    2.37    6.43   12.61    8.80    7.68
1903    3.1    5.8    5.7    5.3    9.6   11.7   13.5   12.9   11.6    9.1    5.6    2.7    4.20    6.89   12.69    8.78    8.06
1904    3.5    2.3    3.2    7.5    9.3   12.1   15.1   13.5   11.7    8.9    4.9    2.9    2.85    6.67   13.58    8.49    7.93
1905    3.3    4.1    5.7    6.1    9.5   13.4   15.2   13.2   11.1    6.3    4.4    4.9    3.43    7.10   13.96    7.25    8.13
1906    4.6    2.3    4.0    6.2    9.0   13.1   14.0   15.2   12.5    9.6    6.5    2.8    3.99    6.42   14.12    9.55    8.36
1907    3.1    2.0    5.4    6.4    9.2   11.1   13.3   12.8   12.8    8.7    5.7    4.0    2.67    7.01   12.38    9.09    7.91
1908    2.1    4.5    3.3    5.2   11.1   12.8   14.3   13.3   12.0   11.6    6.7    3.5    3.51    6.52   13.46   10.11    8.37
1909    3.1    2.7    2.7    7.6    9.6   10.8   13.3   13.9   10.8    9.3    4.1    3.1    3.10    6.62   12.69    8.09    7.62
1910    2.7    4.0    5.4    6.0   10.0   13.4   13.3   13.8   11.5    9.5    2.8    5.5    3.25    7.14   13.48    7.95    8.18
1911    3.4    3.8    4.3    6.4   11.7   13.0   16.1   16.5   12.3    8.4    5.2    5.3    4.24    7.47   15.23    8.62    8.91
1912    2.8    4.1    6.0    7.8   10.2   12.5   14.7   11.6   10.1    7.7    5.6    5.8    4.08    8.02   12.93    7.79    8.25
1913    3.4    4.1    4.8    7.0    9.8   12.6   13.6   14.0   12.9   10.0    7.4    4.4    4.42    7.21   13.42   10.11    8.70
1914    3.0    5.9    5.0    8.6    9.3   13.1   14.6   14.9   12.3    9.4    5.9    3.7    4.41    7.60   14.20    9.22    8.82
1915    3.3    3.2    4.2    6.9    9.5   13.1   13.2   13.9   12.4    8.2    2.0    4.1    3.39    6.89   13.39    7.55    7.87
1916    6.7    2.9    2.3    7.0    9.8   10.7   14.0   15.0   12.1    9.4    6.2    1.9    4.61    6.39   13.26    9.24    8.19
1917    1.0    0.5    2.4    4.2   11.2   13.1   14.9   14.2   12.9    6.8    7.3    2.3    1.12    5.95   14.06    8.98    7.60
1918    3.4    5.9    4.7    6.1   11.3   11.7   13.9   14.7   10.6    8.3    4.8    6.0    3.77    7.39   13.46    7.91    8.47
1919    2.4    1.2    2.2    6.0   12.2   12.5   12.8   13.8   11.6    7.2    2.5    4.5    3.27    6.80   13.08    7.08    7.46
1920    4.1    5.1    5.8    6.8   10.2   13.0   12.8   12.5   11.7    9.8    6.7    3.4    4.58    7.61   12.76    9.42    8.51
1921    6.2    4.0    6.0    7.1    9.7   13.0   16.4   13.7   12.7   12.0    4.3    5.9    4.57    7.60   14.37    9.67    9.28
1922    2.9    3.6    3.7    4.5   10.7   12.1   12.1   12.1   10.9    7.6    5.5    5.0    4.13    6.34   12.10    8.02    7.59
1923    5.2    4.5    5.8    6.4    7.7   11.1   15.7   13.5   11.1    8.6    3.0    3.3    4.91    6.64   13.46    7.62    8.03
1924    3.8    2.8    3.2    5.7   10.0   12.4   13.8   12.8   12.1    9.2    6.2    6.5    3.28    6.29   13.01    9.18    8.22
1925    4.7    3.9    4.1    6.4   10.1   13.6   15.5   14.3   10.4    9.3    2.7    2.1    5.05    6.91   14.48    7.50    8.14
1926    4.3    5.6    5.3    8.3    8.9   12.2   15.9   14.9   13.0    7.1    4.8    3.8    3.93    7.46   14.35    8.28    8.67
1927    4.0    3.5    6.0    6.6    9.6   10.8   14.7   14.4   11.4    9.6    5.4    1.4    3.78    7.42   13.32    8.77    8.14
1928    4.4    5.1    4.8    7.4    9.8   11.3   13.9   14.0   11.5    9.1    6.7    3.1    3.58    7.36   13.05    9.11    8.43
1929    1.3    0.2    5.6    5.7   10.3   11.8   14.3   13.7   13.4    8.5    6.0    4.9    1.55    7.19   13.30    9.30    8.02
1930    4.4    1.4    4.0    7.0    9.5   13.6   13.8   14.1   12.3    9.4    5.4    3.9    3.64    6.84   13.84    9.04    8.28
1931    2.5    3.1    3.1    6.5    9.9   12.6   13.9   13.1   10.6    8.0    6.9    5.0    3.18    6.53   13.21    8.52    7.97
1932    5.5    2.8    3.9    5.6    9.1   13.0   14.6   15.3   11.7    7.8    5.9    5.2    4.47    6.19   14.34    8.45    8.39
1933    1.9    3.2    6.3    7.7   10.8   14.1   16.0   15.9   13.7    9.2    4.8    1.5    3.45    8.28   15.37    9.23    8.80
1934    4.0    3.6    3.9    6.6    9.6   13.4   16.6   13.7   13.1    9.4    5.4    7.1    3.02    6.69   14.57    9.29    8.89
1935    3.9    4.9    5.8    7.0    9.1   13.5   15.3   14.9   12.2    8.4    5.8    2.1    5.28    7.29   14.56    8.80    8.58
1936    2.5    1.8    5.9    5.3   10.2   13.2   13.9   14.6   13.2    8.7    5.1    4.8    2.16    7.14   13.93    8.97    8.29
1937    4.4    4.2    2.4    8.1   10.7   12.5   14.5   15.2   12.1    9.1    4.7    2.2    4.47    7.04   14.08    8.64    8.36
1938    4.9    4.3    7.8    6.7    9.5   12.4   13.3   14.4   12.4    9.6    8.3    3.9    3.78    8.00   13.35   10.08    8.97
1939    3.0    4.6    4.9    7.4   10.3   12.9   14.0   15.1   12.7    7.3    7.5    2.9    3.81    7.54   14.01    9.17    8.57
1940   -1.5    1.9    4.9    7.4   11.2   14.9   13.5   13.9   11.3    8.6    6.1    3.6    1.05    7.81   14.11    8.66    7.99
1941   -0.5    2.2    4.0    5.4    8.4   13.4   15.4   13.4   13.8    9.7    5.8    5.3    1.75    5.96   14.09    9.77    8.07
1942    1.1   -0.2    4.3    8.1    9.8   12.7   13.8   14.9   12.2    9.4    4.4    6.0    2.10    7.38   13.84    8.69    8.09
1943    3.9    5.4    5.8    8.9   10.1   12.9   14.6   14.2   11.8    9.6    5.8    3.2    5.11    8.27   13.89    9.07    8.87
1944    5.3    3.1    4.4    8.8    9.8   12.0   14.8   15.2   11.2    8.1    5.4    3.6    3.87    7.64   14.04    8.21    8.49
1945   -0.1    6.0    6.9    8.7   10.4   13.0   15.0   14.6   13.0   10.8    6.6    4.4    3.09    8.70   14.21   10.14    9.13
1946    2.2    4.9    4.4    8.7    9.5   11.5   14.2   13.0   12.7    8.7    7.3    2.8    3.82    7.50   12.91    9.55    8.33
1947    1.7   -2.3    2.2    7.1   11.7   13.6   14.9   17.0   13.3    9.9    6.2    4.4    0.86    7.00   15.21    9.81    8.39
1948    4.0    3.8    7.5    7.7   10.0   12.0   14.3   13.6   12.5    9.3    7.0    4.7    4.10    8.40   13.32    9.59    8.89
1949    4.7    4.9    4.4    8.6    9.9   13.8   15.6   15.3   14.7   10.6    6.1    5.1    4.76    7.63   14.91   10.49    9.51
1950    3.7    4.2    6.5    6.3   10.3   14.4   14.5   14.0   11.7    8.8    4.8    0.7    4.34    7.73   14.34    8.43    8.36
1951    2.9    2.6    2.9    5.5    8.8   12.5   14.6   13.5   13.0    9.2    7.4    4.8    2.08    5.75   13.56    9.85    8.18
1952    1.9    2.8    5.7    8.3   11.9   12.5   15.1   14.3    9.9    8.0    3.6    2.7    3.16    8.61   13.99    7.16    8.08
1953    3.3    3.8    5.2    6.0   11.6   13.2   14.2   14.7   12.9    8.9    7.9    6.3    3.25    7.60   14.04    9.91    9.03
1954    2.5    1.6    4.8    6.8   10.2   12.1   12.7   13.1   11.5   10.7    6.1    5.9    3.56    7.26   12.65    9.46    8.22
1955    2.1    0.4    2.5    8.0    8.5   12.2   16.3   16.6   13.1    8.4    6.4    4.8    2.85    6.32   15.08    9.29    8.32
1956    3.0   -0.3    5.5    5.9   10.3   11.8   14.4   12.0   13.2    8.8    5.7    5.2    2.58    7.24   12.74    9.22    7.99
1957    4.7    3.9    8.2    7.6    9.5   13.5   14.8   14.2   11.2    9.8    5.9    4.0    4.63    8.43   14.15    9.00    8.98
1958    2.8    3.6    2.8    6.4    9.5   12.4   14.4   14.4   13.9    9.9    5.9    3.8    3.48    6.25   13.75    9.90    8.35
1959    1.1    4.1    6.3    7.9   11.8   13.6   15.2   15.6   13.5   11.7    6.5    5.0    2.98    8.69   14.79   10.58    9.39
1960    3.3    2.9    5.4    7.9   11.6   14.6   13.7   13.6   11.9    9.2    6.0    3.0    3.74    8.32   13.95    9.02    8.60
1961    2.7    5.8    7.2    8.6    9.7   12.5   13.3   13.7   13.8    9.8    5.7    1.4    3.75    8.50   13.18    9.75    8.69
1962    3.7    3.8    1.8    6.4    9.0   12.1   13.4   12.9   11.5    9.4    4.8    1.9    2.96    5.74   12.80    8.58    7.58
1963   -1.9   -1.2    5.0    7.4    9.2   13.5   13.6   13.0   11.6    9.9    6.8    2.3   -0.39    7.18   13.38    9.43    7.48
1964    3.2    3.7    3.5    7.7   11.9   12.2   14.1   13.8   12.7    8.1    6.6    2.8    3.06    7.69   13.38    9.12    8.37
1965    2.6    2.5    4.1    6.9   10.2   13.0   12.6   13.5   11.1   10.1    3.5    3.7    2.65    7.06   13.05    8.26    7.86
1966    2.3    4.3    5.7    5.8    9.8   13.8   13.5   13.2   12.7    8.9    5.0    4.6    3.41    7.10   13.52    8.82    8.31
1967    3.8    4.5    5.8    6.8    8.8   12.8   14.7   14.2   12.3    9.5    4.6    3.8    4.28    7.13   13.89    8.78    8.47
1968    3.8    1.2    5.2    7.0    8.5   13.4   13.6   14.3   12.6   11.4    5.7    2.6    2.96    6.89   13.76    9.91    8.29
1969    4.4    0.0    2.3    6.2    9.7   12.6   14.9   15.0   12.8   12.0    4.2    2.6    2.43    6.08   14.15    9.70    8.11
1970    2.9    2.0    2.9    5.4   11.6   15.0   13.5   14.7   13.1    9.6    6.6    3.9    2.50    6.66   14.42    9.79    8.48
1971    3.9    4.0    4.3    6.9   10.3   11.1   15.3   14.1   13.2   10.5    5.6    6.1    3.93    7.18   13.54    9.81    8.83
1972    3.3    3.4    5.3    7.2    9.3   10.3   14.2   13.4   10.6    9.6    5.5    5.1    4.30    7.29   12.68    8.57    8.13
1973    3.9    3.8    5.4    5.8   10.2   13.5   14.2   14.8   12.8    8.3    5.4    4.2    4.29    7.15   14.17    8.84    8.56
1974    5.1    4.6    4.8    7.3    9.8   12.3   13.4   13.6   10.7    6.9    5.6    6.9    4.67    7.29   13.12    7.73    8.45
1975    5.8    3.9    3.8    7.1    8.5   13.2   15.6   16.7   11.7    9.1    5.4    5.0    5.57    6.48   15.17    8.73    8.85
1976    5.0    3.8    3.8    7.0   10.3   14.7   16.4   16.0   11.9    9.3    5.4    1.4    4.63    7.00   15.71    8.90    8.76
1977    1.8    3.7    5.9    6.0    9.3   11.4   14.6   14.0   11.8   10.9    5.3    5.1    2.25    7.10   13.37    9.35    8.36
1978    2.6    1.7    5.5    5.6   10.8   12.2   13.2   13.6   12.7   11.0    7.7    2.9    3.18    7.32   13.02   10.47    8.34
1979   -0.4    0.6    3.5    6.4    8.2   12.8   14.2   13.4   12.0   10.2    6.1    4.7    1.05    6.00   13.47    9.43    7.67
1980    1.7    4.7    3.5    7.8   10.3   12.3   13.5   14.3   13.4    7.9    5.8    5.0    3.68    7.20   13.37    9.00    8.35
1981    4.0    2.4    6.5    6.9   10.4   11.9   13.8   14.7   13.2    7.0    6.9   -0.2    3.83    7.92   13.50    9.03    8.15
1982    2.2    4.3    5.1    7.5   10.2   13.8   15.0   14.1   12.8    9.2    6.9    3.6    2.01    7.58   14.32    9.64    8.74
1983    5.6    1.2    5.5    5.5    9.1   12.7   17.4   15.7   12.2    9.3    6.6    5.3    3.54    6.71   15.29    9.41    8.91
1984    2.7    2.9    3.9    7.4    9.1   12.9   15.3   16.1   12.3   10.0    6.9    4.7    3.67    6.80   14.77    9.74    8.71
1985    0.5    2.0    3.8    7.2    9.8   11.2   14.6   13.2   13.4   10.0    3.2    5.3    2.42    6.93   13.05    8.89    7.90
1986    2.7   -1.1    4.2    4.7    9.9   13.5   14.0   12.1   10.2    9.7    7.0    5.4    2.39    6.31   13.21    8.97    7.75
1987    0.6    2.8    3.4    9.0    9.0   11.3   14.6   14.1   12.2    8.5    6.0    4.8    2.92    7.13   13.34    8.91    8.06
1988    4.5    4.1    5.2    7.4   10.6   13.6   13.4   13.8   11.9    9.4    5.0    6.9    4.50    7.74   13.59    8.74    8.83
1989    6.0    5.3    6.1    5.6   11.5   13.0   16.4   14.8   12.9   10.6    6.0    3.3    6.07    7.77   14.75    9.83    9.32
1990    5.8    6.4    7.3    7.1   11.5   12.4   15.3   16.2   11.6   10.7    5.9    3.8    5.13    8.64   14.67    9.39    9.52
1991    2.3    1.4    6.8    7.2   10.0   10.9   16.1   15.4   13.2    9.2    5.9    4.5    2.51    7.99   14.17    9.46    8.63
1992    3.2    5.1    6.3    7.7   12.3   14.4   14.7   13.7   12.0    6.7    6.5    3.1    4.26    8.76   14.24    8.39    8.81
1993    5.0    4.7    5.7    8.5   10.1   13.6   13.6   12.9   11.2    7.0    3.8    4.2    4.24    8.09   13.37    7.33    8.38
1994    4.2    2.2    6.1    6.9    9.5   12.6   15.7   14.1   11.3    9.3    9.0    5.7    3.57    7.51   14.12    9.88    8.92
1995    3.8    5.3    4.3    7.8   10.4   13.1   16.9   17.5   12.4   12.0    7.0    1.8    4.92    7.48   15.84   10.47    9.37
1996    4.0    1.9    3.8    7.5    8.1   12.7   14.6   15.2   12.5   10.7    5.0    2.5    2.57    6.43   14.17    9.41    8.22
1997    2.2    5.6    7.2    8.1   10.5   12.7   15.4   17.1   12.8    9.2    7.9    5.2    3.37    8.58   15.07    9.95    9.50
1998    4.4    7.0    7.0    6.7   11.9   12.8   14.0   14.5   13.5    9.4    5.6    5.0    5.51    8.57   13.77    9.49    9.34
1999    4.7    4.6    6.2    8.4   11.7   12.6   16.1   14.8   14.2    9.9    7.0    4.0    4.78    8.81   14.50   10.36    9.56
2000    4.3    5.3    6.4    6.8   11.1   13.4   14.2   15.0   13.5    9.2    6.1    4.7    4.55    8.12   14.19    9.59    9.18
2001    2.6    3.3    4.0    6.5   11.5   12.7   15.4   15.0   12.2   12.3    7.2    3.2    3.54    7.34   14.37   10.60    8.85
2002    5.1    5.9    6.6    8.0   10.9   13.0   14.1   15.4   13.1    8.7    7.6    4.7    4.66    8.50   14.16    9.80    9.43
2003    3.9    3.3    6.7    9.1   10.9   14.5   16.1   16.2   13.0    8.1    7.5    4.2    3.95    8.87   15.61    9.50    9.48
2004    4.6    4.4    5.6    8.6   11.0   13.8   14.2   16.2   13.4    9.4    7.2    5.3    4.42    8.40   14.75   10.00    9.49
2005    5.6    3.8    6.6    7.9   10.1   14.1   15.3   14.8   13.7   11.8    5.7    4.3    4.90    8.22   14.75   10.40    9.51
2006    3.7    3.6    3.9    7.5   10.9   14.6   17.9   14.8   15.2   11.7    7.5    5.8    3.88    7.44   15.75   11.47    9.78
2007    6.2    5.0    6.3   10.1   10.8   14.1   14.0   14.3   12.7   10.2    7.2    4.4    5.69    9.03   14.13   10.03    9.63
2008    5.8    5.0    5.2    7.0   12.5   12.7   15.2   15.0   12.4    8.9    6.3    3.1    5.08    8.26   14.32    9.18    9.11
2009    2.8    3.7    6.1    8.9   10.8   13.8   15.0   15.1   12.9   10.5    7.4    2.5    3.20    8.57   14.65   10.25    9.14
2010    0.9    1.7    5.0    7.9    9.7   14.2   15.2   14.0   13.0    9.4    4.3   -0.9    1.70    7.55   14.45    8.92    7.90
2011    2.8    5.7    5.6   10.6   11.1   12.6   14.0   14.0   13.7   11.5    8.7    5.5    2.42    9.10   13.55   11.31    9.67
2012    4.8    4.0    7.9    6.4   10.5   12.4   14.1   15.3   11.9    8.4    5.9    4.0    4.76    8.28   13.94    8.73    8.82
2013    3.3    2.8    1.9    6.3    9.4   12.8   17.0   15.5   12.7   11.5    5.6    6.1    3.36    5.86   15.09    9.97    8.77
2014    5.0    5.3    6.7    9.4   11.3   14.1   16.1   13.8   13.8   11.1    7.7    4.8    5.47    9.11   14.66   10.88    9.94
2015    3.9    3.4    5.3    7.8    9.5   12.8   14.2   14.6   11.7   10.0    8.6    8.4    4.06    7.53   13.87   10.08    9.22
2016    5.0    4.0    5.2    6.5   11.6   14.4   15.1   15.4   14.6    9.9    4.8    6.2    5.83    7.77   15.00    9.77    9.42
2017    4.1    5.5    7.4    8.0   12.2   14.4   15.0   14.5   12.5   11.3    6.2    4.3    5.23    9.22   14.63   10.03    9.64
2018    4.3    2.4    3.8    8.4   12.0   15.0   16.9   15.1   12.3    9.5    7.4    6.1    3.70    8.05   15.70    9.72    9.48
2019    3.6    6.3    6.7    8.6   10.1   13.1   16.1   15.8   13.0    8.9    5.4    5.2    5.31    8.45   15.05    9.10    9.42
2020    5.7    5.3    5.8    9.4   11.3   14.2   14.1   15.8   12.5    9.5    7.9    4.3    5.40    8.83   14.67    9.97    9.66
2021    2.5    4.3    6.4    5.8    9.1   14.2   16.6   14.8   14.8   11.1    7.1    5.4    3.69    7.12   15.23   10.98    9.37
2022    4.7    5.9    7.0    8.1   11.8   13.6   16.3   16.6   13.4   11.6    8.3    3.0    5.36    8.98   15.51   11.12   10.06
2023    4.8    5.9    5.9    7.9   11.9   16.0   14.9   15.2   15.3   10.9    6.6    6.1    4.52    8.59   15.36   10.92   10.15
2024    4.1    6.6    6.8    8.3   13.2   12.8   14.6   15.2   12.6   10.5    6.5    6.4    5.58    9.46   14.24    9.91    9.83
2025    3.0    4.7    7.1    9.8   12.0   15.1   16.3   16.3   12.7   10.4    7.5    6.1    4.72    9.63   15.93   10.18   10.11
2026    3.5    5.6    7.2    9.1   12.0   15.8   17.3   16.3   14.4                         5.05    9.44   16.47                
